[0 1]
[-1 1]
[-8 1]
[-13 1]
[-29 1]
[-31 1]
[-42 1]
[-59 1]
[-45 1]
[-53 1]
[-58 1]
[-65 1]
[-57 1]
[-56 1]
[-43 1]
[-37 1]
[-30 1]
[-15 1]
[-20 1]
[-5 1]
[-21 1]
[-22 1]
[-38 1]
[-19 1]
[-25 1]
[-44 1]
[-46 1]
[-40 1]
[-24 1]
[-35 1]
[-54 1]
[-71 1]
[-79 1]
[-84 1]
[-76 1]
[-86 1]
[-91 1]
[-81 1]
[-94 1]
[-98 1]
[-93 1]
[-75 1]
[-67 1]
[-85 1]
[-89 1]
[-95 1]
[-109 1]
[-114 1]
[-106 1]
[-101 1]
[-119 1]
[-113 1]
[-120 1]
[-132 1]
[-137 1]
[-138 1]
[-122 1]
[-141 1]
[-143 1]
[-156 1]
[-152 1]
[-157 1]
[-155 1]
[-153 1]
[-163 1]
[-146 1]
[-147 1]
[-130 1]
[-135 1]
[-126 1]
[-136 1]
[-124 1]
[-104 1]
[-87 1]
[-99 1]
[-90 1]
[-74 1]
[-60 1]
[-80 1]
[-77 1]
[-62 1]
[-64 1]
[-52 1]
[-51 1]
[-34 1]
[-47 1]
[-49 1]
[-55 1]
[-63 1]
[-66 1]
[-48 1]
[-27 1]
[-16 1]
[-36 1]
[-18 1]
[-11 1]
[8 1]
[25 1]
[42 1]
[27 1]
[19 1]
[38 1]
[39 1]
[48 1]
[59 1]
[44 1]
[63 1]
[49 1]
[47 1]
[30 1]
[41 1]
[57 1]
[71 1]
[87 1]
[84 1]
[98 1]
[113 1]
[115 1]
[96 1]
[99 1]
[89 1]
[92 1]
[81 1]
[68 1]
[52 1]
[62 1]
[55 1]
[43 1]
[37 1]
[40 1]
[53 1]
[60 1]
[77 1]
[94 1]
[97 1]
[104 1]
[85 1]
[83 1]
[73 1]
[70 1]
[61 1]
[50 1]
[66 1]
[72 1]
[80 1]
[95 1]
[111 1]
[118 1]
[122 1]
[130 1]
[135 1]
[123 1]
[117 1]
[125 1]
[137 1]
[142 1]
[131 1]
[148 1]
[147 1]
[152 1]
[164 1]
[145 1]
[138 1]
[127 1]
[136 1]
[124 1]
[129 1]
[126 1]
[134 1]
[121 1]
[133 1]
[143 1]
[146 1]
[139 1]
[157 1]
[160 1]
[149 1]
[155 1]
[153 1]
[167 1]
[163 1]
[179 1]
[191 1]
[188 1]
[201 1]
[183 1]
[170 1]
[169 1]
[159 1]
[174 1]
[171 1]
[177 1]
[196 1]
[186 1]
[176 1]
[182 1]
[190 1]
[185 1]
[181 1]
[198 1]
[193 1]
[211 1]
[209 1]
[200 1]
[207 1]
[215 1]
[208 1]
[212 1]
[225 1]
[210 1]
[206 1]
[214 1]
[195 1]
[192 1]
[205 1]
[218 1]
[224 1]
[227 1]
[220 1]
[234 1]
[240 1]
[260 1]
[256 1]
[239 1]
[221 1]
[241 1]
[242 1]
[261 1]
[275 1]
[285 1]
[295 1]
[290 1]
[297 1]
[278 1]
[288 1]
[271 1]
[289 1]
[298 1]
[287 1]
[276 1]
[294 1]
[312 1]
[327 1]
[316 1]
[326 1]
[318 1]
[337 1]
[332 1]
[339 1]
[345 1]
[356 1]
[374 1]
[378 1]
[361 1]
[343 1]
[351 1]
[366 1]
[388 1]
[394 1]
[384 1]
[383 1]
[359 1]
[341 1]
[354 1]
[363 1]
[364 1]
[349 1]
[348 1]
[369 1]
[393 1]
[398 1]
[427 1]
[449 1]
[462 1]
[452 1]
[440 1]
[425 1]
[457 1]
[472 1]
[489 1]
[477 1]
[481 1]
[469 1]
[459 1]
[460 1]
[475 1]
[490 1]
[479 1]
[470 1]
[488 1]
[494 1]
[500 1]
[511 1]
[512 1]
[530 1]
[517 1]
[498 1]
[482 1]
[467 1]
[464 1]
[478 1]
[483 1]
[501 1]
[495 1]
[486 1]
[487 1]
[463 1]
[438 1]
[433 1]
[443 1]
[454 1]
[484 1]
[499 1]
[480 1]
[476 1]
[473 1]
[456 1]
[471 1]
[502 1]
[522 1]
[540 1]
[548 1]
[544 1]
[554 1]
[569 1]
[585 1]
[594 1]
[578 1]
[586 1]
[575 1]
[568 1]
[576 1]
[566 1]
[542 1]
[541 1]
[557 1]
[573 1]
[572 1]
[556 1]
[567 1]
[571 1]
[574 1]
[559 1]
[552 1]
[598 1]
[606 1]
[624 1]
[638 1]
[628 1]
[617 1]
[631 1]
[610 1]
[634 1]
[622 1]
[644 1]
[663 1]
[653 1]
[670 1]
[685 1]
[694 1]
[703 1]
[683 1]
[702 1]
[689 1]
[709 1]
[721 1]
[738 1]
[728 1]
[745 1]
[749 1]
[735 1]
[752 1]
[740 1]
[724 1]
[743 1]
[757 1]
[774 1]
[783 1]
[801 1]
[781 1]
[770 1]
[765 1]
[758 1]
[766 1]
[771 1]
[790 1]
[787 1]
[773 1]
[772 1]
[759 1]
[750 1]
[747 1]
[736 1]
[730 1]
[711 1]
[715 1]
[714 1]
[712 1]
[729 1]
[710 1]
[718 1]
[704 1]
[688 1]
[695 1]
[668 1]
[669 1]
[692 1]
[697 1]
[701 1]
[698 1]
[696 1]
[719 1]
[699 1]
[679 1]
[660 1]
[641 1]
[639 1]
[655 1]
[646 1]
[620 1]
[627 1]
[650 1]
[632 1]
[616 1]
[607 1]
[580 1]
[582 1]
[531 1]
[520 1]
[545 1]
[533 1]
[524 1]
[492 1]
[434 1]
[416 1]
[405 1]
[397 1]
[370 1]
[358 1]
[338 1]
[322 1]
[333 1]
[350 1]
[355 1]
[396 1]
[468 1]
[497 1]
[282 1]
[273 1]
[268 1]
[250 1]
[267 1]
[259 1]
[251 1]
[265 1]
[280 1]
[301 1]
[296 1]
[266 1]
[247 1]
[254 1]
[199 1]
[216 1]
[257 1]
[535 1]
[-630 1]
[-62160 1]
[-62144 1]
[-62137 1]
[-62123 1]
[-62129 1]
[-62140 1]
[-62161 1]
[-62145 1]
[-62158 1]
[-62151 1]
[-62175 1]
[-62165 1]
[-62163 1]
[-62181 1]
[-62192 1]
[-62199 1]
[-62180 1]
[-62174 1]
[-62170 1]
[-62189 1]
[-62206 1]
[-62191 1]
[-62212 1]
[-62195 1]
[-62196 1]
[-62200 1]
[-62215 1]
[-62211 1]
[-62198 1]
[-62221 1]
[-62241 1]
[-62247 1]
[-62240 1]
[-62231 1]
[-62227 1]
[-62216 1]
[-62225 1]
[-62214 1]
[-62201 1]
[-62207 1]
[-62186 1]
[-62208 1]
[-62257 1]
[-62271 1]
[-62260 1]
[-62279 1]
[-62282 1]
[-62304 1]
[-62278 1]
[-62283 1]
[-62276 1]
[-62255 1]
[-62269 1]
[-62272 1]
[-62288 1]
[-62266 1]
[-62242 1]
[-62250 1]
[-62264 1]
[-62218 1]
[-62222 1]
[-62209 1]
[-62213 1]
[-62153 1]
[-62152 1]
[-62138 1]
[-62127 1]
[-62120 1]
[-62139 1]
[-62182 1]
[-62172 1]
[-62167 1]
[-62136 1]
[-62109 1]
[-62294 1]
[-62332 1]
[-62339 1]
[-62351 1]
[-62370 1]
[-62388 1]
[-62369 1]
[-62380 1]
[-62368 1]
[-62365 1]
[-62366 1]
[-62356 1]
[-62354 1]
[-62375 1]
[-62353 1]
[-62343 1]
[-62338 1]
[-62324 1]
[-62303 1]
[-62330 1]
[-62341 1]
[-62335 1]
[-62344 1]
[-62358 1]
[-62342 1]
[-62337 1]
[-62325 1]
[-62334 1]
[-62316 1]
[-62312 1]
[-62290 1]
[-62286 1]
[-62293 1]
[-62300 1]
[-62336 1]
[-62379 1]
[-62393 1]
[-62412 1]
[-62408 1]
[-62418 1]
[-62399 1]
[-62410 1]
[-62427 1]
[-62432 1]
[-62450 1]
[-62456 1]
[-62467 1]
[-62476 1]
[-62454 1]
[-62435 1]
[-62453 1]
[-62477 1]
[-62470 1]
[-62483 1]
[-62512 1]
[-62527 1]
[-62513 1]
[-62514 1]
[-62540 1]
[-62532 1]
[-62552 1]
[-62573 1]
[-62559 1]
[-62567 1]
[-62588 1]
[-62609 1]
[-62622 1]
[-62625 1]
[-62623 1]
[-62621 1]
[-62614 1]
[-62620 1]
[-62637 1]
[-62643 1]
[-62635 1]
[-62639 1]
[-62628 1]
[-62653 1]
[-62670 1]
[-62685 1]
[-62700 1]
[-62704 1]
[-62715 1]
[-62719 1]
[-62702 1]
[-62710 1]
[-62709 1]
[-62722 1]
[-62734 1]
[-62741 1]
[-62757 1]
[-62751 1]
[-62767 1]
[-62786 1]
[-62784 1]
[-62779 1]
[-62780 1]
[-62794 1]
[-62795 1]
[-62792 1]
[-62787 1]
[-62774 1]
[-62788 1]
[-62777 1]
[-62771 1]
[-62775 1]
[-62765 1]
[-62785 1]
[-62799 1]
[-62813 1]
[-62827 1]
[-62833 1]
[-62825 1]
[-62812 1]
[-62821 1]
[-62837 1]
[-62829 1]
[-62815 1]
[-62814 1]
[-62830 1]
[-62844 1]
[-62852 1]
[-62848 1]
[-62863 1]
[-62849 1]
[-62860 1]
[-62843 1]
[-62838 1]
[-62828 1]
[-62842 1]
[-62855 1]
[-62856 1]
[-62858 1]
[-62871 1]
[-62853 1]
[-62864 1]
[-62869 1]
[-62882 1]
[-62881 1]
[-62867 1]
[-62873 1]
[-62889 1]
[-62907 1]
[-62895 1]
[-62888 1]
[-62887 1]
[-62894 1]
[-62902 1]
[-62900 1]
[-62904 1]
[-62905 1]
[-62921 1]
[-62926 1]
[-62938 1]
[-62950 1]
[-62955 1]
[-62967 1]
[-62972 1]
[-62989 1]
[-62969 1]
[-62963 1]
[-62952 1]
[-62958 1]
[-62965 1]
[-62966 1]
[-62959 1]
[-62973 1]
[-62992 1]
[-63010 1]
[-62994 1]
[-63001 1]
[-63009 1]
[-63008 1]
[-63004 1]
[-63014 1]
[-63013 1]
[-63007 1]
[-63005 1]
[-63011 1]
[-62999 1]
[-62982 1]
[-62981 1]
[-62976 1]
[-62957 1]
[-62968 1]
[-62956 1]
[-62962 1]
[-62964 1]
[-62971 1]
[-62970 1]
[-62977 1]
[-62986 1]
[-62975 1]
[-62987 1]
[-63003 1]
[-62996 1]
[-62988 1]
[-63000 1]
[-63012 1]
[-63017 1]
[-63016 1]
[-63030 1]
[-63042 1]
[-63035 1]
[-63020 1]
[-63031 1]
[-63040 1]
[-63049 1]
[-63060 1]
[-63043 1]
[-63044 1]
[-63063 1]
[-63048 1]
[-63066 1]
[-63053 1]
[-63067 1]
[-63081 1]
[-63098 1]
[-63082 1]
[-63065 1]
[-63078 1]
[-63047 1]
[-63034 1]
[-63050 1]
[-63026 1]
[-63032 1]
[-63023 1]
[-63022 1]
[-63038 1]
[-63057 1]
[-63045 1]
[-63064 1]
[-63046 1]
[-63029 1]
[-63002 1]
[-62991 1]
[-62985 1]
[-62983 1]
[-62974 1]
[-62961 1]
[-62954 1]
[-62946 1]
[-62929 1]
[-62912 1]
[-62909 1]
[-62899 1]
[-62892 1]
[-62872 1]
[-62862 1]
[-62875 1]
[-62877 1]
[-62868 1]
[-62879 1]
[-62880 1]
[-62885 1]
[-62896 1]
[-62886 1]
[-62857 1]
[-62866 1]
[-62883 1]
[-62890 1]
[-62897 1]
[-62903 1]
[-62918 1]
[-62939 1]
[-62927 1]
[-62915 1]
[-62913 1]
[-62911 1]
[-62928 1]
[-62934 1]
[-62925 1]
[-62937 1]
[-62923 1]
[-62932 1]
[-62945 1]
[-62948 1]
[-62947 1]
[-62960 1]
[-62931 1]
[-62924 1]
[-62935 1]
[-62930 1]
[-62914 1]
[-62941 1]
[-62917 1]
[-62940 1]
[-62944 1]
[-62951 1]
[-62953 1]
[-62891 1]
[-62908 1]
[-62870 1]
[-62861 1]
[-62851 1]
[-62847 1]
[-62826 1]
[-62797 1]
[-62816 1]
[-62823 1]
[-62840 1]
[-62811 1]
[-62764 1]
[-62753 1]
[-62755 1]
[-62772 1]
[-62768 1]
[-62743 1]
[-62725 1]
[-62711 1]
[-62729 1]
[-62739 1]
[-62717 1]
[-62720 1]
[-62714 1]
[-62701 1]
[-62690 1]
[-62669 1]
[-62650 1]
[-62656 1]
[-62659 1]
[-62642 1]
[-62668 1]
[-62663 1]
[-62645 1]
[-62651 1]
[-62634 1]
[-62649 1]
[-62660 1]
[-62671 1]
[-62676 1]
[-62695 1]
[-62698 1]
[-62686 1]
[-62705 1]
[-62724 1]
[-62712 1]
[-62727 1]
[-62740 1]
[-62733 1]
[-62728 1]
[-62746 1]
[-62747 1]
[-62758 1]
[-62789 1]
[-62781 1]
[-62776 1]
[-62761 1]
[-62763 1]
[-62750 1]
[-62762 1]
[-62773 1]
[-62736 1]
[-62703 1]
[-62694 1]
[-62683 1]
[-62689 1]
[-62699 1]
[-62718 1]
[-62731 1]
[-62696 1]
[-62654 1]
[-62692 1]
[-62571 1]
[-62562 1]
[-62613 1]
[-62644 1]
[-62630 1]
[-62561 1]
[-62555 1]
[-62549 1]
[-62440 1]
[-62592 1]
[-62818 1]
[-62793 1]
[-62839 1]
[-62850 1]
[-62806 1]
[-63024 1]
[-63036 1]
[-63019 1]
[-62990 1]
[-62997 1]
[-62995 1]
[-62984 1]
[-63073 1]
[-62783 1]
[-62910 1]
[-63062 1]
[-63051 1]
[-63056 1]
[-64006 1]
[-125033 1]
[-125039 1]
[-125046 1]
[-125048 1]
[-125061 1]
[-125047 1]
[-125055 1]
[-125037 1]
[-125019 1]
[-125050 1]
[-125062 1]
[-125073 1]
[-125054 1]
[-125070 1]
[-125090 1]
[-125092 1]
[-125082 1]
[-125063 1]
[-125075 1]
[-125096 1]
[-125109 1]
[-125105 1]
[-125101 1]
[-125118 1]
[-125116 1]
[-125119 1]
[-125131 1]
[-125111 1]
[-125110 1]
[-125099 1]
[-125091 1]
[-125071 1]
[-125084 1]
[-125122 1]
[-125124 1]
[-125132 1]
[-125137 1]
[-125121 1]
[-125128 1]
[-125150 1]
[-125157 1]
[-125151 1]
[-125165 1]
[-125174 1]
[-125188 1]
[-125192 1]
[-125210 1]
[-125193 1]
[-125203 1]
[-125189 1]
[-125179 1]
[-125186 1]
[-125176 1]
[-125182 1]
[466 1]
